            60
            G0598055   0 0.21610812 0.45924583 0.33811561 0.59671199 0.687866 0.42203651 0.29930648 0.37246771 0.52527111 0.29488869 0.3016119 0.33828196 0.36904419 0.3121203 0.26251035 0.2743621 0.55133346 0.32054898 0.26764479 0.24720632 0.27016503 0.28584423 0.21135277 0.82751372 0.47111847 0.32256549 0.36523124 0.80974042 0.6123615 0.49330894 0.30259733 0.27323526 0.56575706 0.34212631 0.26558066 0.31235016 0.24453382 0.27082649 0.30222804 0.28459792 0.31058577 0.26768564 0.33394002 0.32506141 0.30352478 0.28645084 0.28338417 0.31855015 0.62643204 0.305867 0.27215346 0.30954704 0.35792563 0.31389536 0.34906426 0.39638254 0.31158117 0.29282042 0.31389126
            G0598038   0.21610812 0 0.27579359 0.14085629 0.59010071 0.51667313 0.27564416 0.060663609 0.27546099 0.25194276 0.17888853 0.26940938 0.25778935 0.22027334 0.23700431 0.17004224 0.20712649 0.066168175 0.087552512 0.13504923 0.060152462 0.059827474 0.27021205 0.24147612 0.82309317 0.40032966 0.08543142 0.24580537 0.74255409 0.43453965 0.26162868 0.30278417 0.18645879 0.20600484 0.15640848 0.29500781 0.064687682 0.16609454 0.13188963 0.30127806 0.3036694 0.075723971 0.24903404 0.073257486 0.15838263 0.063426641 0.16816614 0.15009709 0.076824858 0.59724856 0.089291179 0.18531152 0.17821686 0.21754753 0.067737117 0.13117085 0.32708531 0.15630267 0.12331688 0.2392169
            G0598039   0.45924583 0.27579359 0 0.43175815 0.63898669 0.80252919 0.52798966 0.31188706 1e-06 0.89063532 0.19720008 0.50544946 0.38108944 0.23330872 0.33286948 0.34963151 0.38995298 0.52086507 0.38326132 0.41636566 0.38635796 0.30745019 0.80800067 0.46591197 0.94218092 0.49449029 0.40960097 0.4489509 1.0565754 0.40822616 0.391017 0.55487572 0.37932366 0.57407214 0.44389186 0.48794036 0.41113314 0.30526071 0.45476096 0.50726208 0.52137706 0.40967824 0.52204482 0.40967824 0.39339335 0.40944525 0.36177874 0.36365111 0.41259087 0.66426754 0.41322951 0.36768719 0.38598526 0.17040562 0.38255826 0.46855341 0.38268868 0.40537604 0.38036186 0.29181971
            G0598032   0.33811561 0.14085629 0.43175815 0 0.63806164 0.69683167 0.32752232 0.14403443 0.32245741 0.44084 0.2578162 0.39697736 0.21098751 0.31742796 0.26693347 0.16683159 0.17912902 0.23210258 0.19079975 0.19991545 0.14276528 0.11211845 0.35050538 0.36520264 0.85118993 0.4841579 0.18635183 0.4078676 0.73919167 0.41312322 0.2851242 0.41830797 0.17151108 0.58305564 0.094382214 0.40414077 0.17501584 0.15335664 0.19796462 0.4382839 0.45462161 0.189059 0.39668463 0.19972738 0.29829939 0.15206519 0.26870469 0.25824233 0.17789 0.68755146 0.18154691 0.16880539 0.28413857 0.30064828 0.17729158 0.24358483 0.37092031 0.27752432 0.17798947 0.28750523
            G0598033   0.59671199 0.59010071 0.63898669 0.63806164 0 0.74455822 0.79878902 0.61352514 0.73783523 0.93128484 0.6125419 0.61257085 0.68883792 0.61318097 0.73906272 0.64249659 0.64057676 0.73665142 0.6254398 0.66808014 0.55934303 0.54973928 0.63925644 0.61730441 0.81538765 0.64574535 0.63988436 0.6137876 1.3311534 0.92581015 0.85263102 0.65016665 0.64097598 0.56972764 0.64758772 0.59362161 0.64211428 0.63048871 0.66094903 0.61166039 0.60788154 0.63437228 0.60276863 0.60664954 0.62590506 0.62767098 0.6169991 0.63104207 0.64113208 0.32356413 0.65368569 0.64370167 0.6094227 0.69711452 0.64993704 0.77383232 0.55002855 0.61573541 0.6125419 0.63843958
            G0598030   0.687866 0.51667313 0.80252919 0.69683167 0.74455822 0 0.66973694 0.61089759 0.71500669 0.98838622 0.62703923 0.6879493 0.61362591 0.7027282 0.61727578 0.56783173 0.58504325 0.79779374 0.67190601 0.57814673 0.52207604 0.52809174 0.53934198 0.65211107 0.88715447 0.85448667 0.63515433 0.71257071 1.1767929 0.9367125 0.84762048 0.75435864 0.56651239 0.82245867 0.69736416 0.6891436 0.64532314 0.54881487 0.53841632 0.74208503 0.75515484 0.64967164 0.69671065 0.65899975 0.62633607 0.63369901 0.57910319 0.58567345 0.63279889 0.74806033 0.61967391 0.56829012 0.62764987 0.72125972 0.64085885 0.65295191 0.70752877 0.61819041 0.60264316 0.58917711
            G0598031   0.42203651 0.27564416 0.52798966 0.32752232 0.79878902 0.66973694 0 0.28801112 0.41039494 0.42650203 0.38111655 0.43405261 0.39371842 0.40138798 0.51607386 0.27683203 0.2897925 0.33060336 0.30434904 0.29811316 0.27221789 0.29217472 0.3700606 0.42336271 0.93239514 0.57822314 0.26322885 0.43405262 0.94285126 0.61432467 0.43995686 0.50834865 0.27720892 0.44768936 0.34637806 0.49121964 0.27973246 0.28896718 0.29791869 0.48864011 0.49111486 0.28167232 0.43642329 0.28850164 0.35507549 0.27430663 0.35293647 0.34761541 0.27394261 0.79444386 0.29035532 0.27490463 0.37358751 0.42135838 0.28556717 0.25194273 0.5788427 0.34233179 0.31442645 0.41573301
            G0598036   0.29930648 0.060663609 0.31188706 0.14403443 0.61352514 0.61089759 0.28801112 0 1e-06 0.59170852 0.2153378 0.29062777 0.17848543 0.23039976 0.14103917 0.087288925 0.09050045 0.12780837 0.10394986 0.13083199 0.1227901 0.075163427 0.88320052 0.29100664 0.93074774 0.36441878 0.097013405 0.28722733 0.69957416 0.094106864 0.088431362 0.39920515 0.095331847 0.32711319 0.15759288 0.3119436 0.097013405 0.085357502 0.098826958 0.39123017 0.37171194 0.090140502 0.31430307 0.10394984 0.18936628 0.0924244 0.19600354 0.18672784 0.090140501 0.59928511 0.10685192 0.093267762 0.20674682 0.20736452 0.085593252 0.13934684 0.33031508 0.17756542 0.1251527 0.13076485
            G0598037   0.37246771 0.27546099 1e-06 0.32245741 0.73783523 0.71500669 0.41039494 1e-06 0 0.061124719 0.3011794 0.42778808 0.42067072 0.36691454 1.2282062 0.28197333 0.29295407 1e-06 0.27371638 0.29013195 0.28197817 1e-06 0.43882927 0.37171212 0.9301971 0.51869125 0.20300017 0.39544036 0.9312834 1.6412665 0.5688389 0.41951594 0.22935709 1e-06 0.33943471 0.45892442 0.23219075 0.26843443 0.26329977 0.43056586 0.43335395 0.24074392 0.39258305 0.25814874 0.3296864 0.20916042 0.3345447 0.29885202 0.20916042 0.76567743 0.28700535 0.22732732 0.36355023 0.22386974 0.2258392 0.44671586 1e-06 0.30820521 0.26923538 0.47191694
            G0598034   0.52527111 0.25194276 0.89063532 0.44084 0.93128484 0.98838622 0.42650203 0.59170852 0.061124719 0 0.49849795 0.612008 0.44621636 0.54613107 0.75232795 0.35167573 0.40955799 0.64850586 0.36654878 0.39318641 0.4489147 0.42747662 0.31620161 0.57468354 1.18138 0.80383998 0.38824145 0.61231772 0.82736831 0.77193402 0.52251723 0.63566829 0.36463237 0.97804219 0.47722864 0.62794455 0.32689817 0.31078535 0.27214595 0.6822906 0.64760329 0.33786659 0.62036097 0.36624999 0.50284615 0.3725674 0.4757427 0.46006497 0.36041393 0.9716408 0.38657029 0.36296614 0.5287473 0.59580062 0.34179521 0.33690038 0.79557686 0.48244512 0.39193224 0.53988479
            G0598035   0.29488869 0.17888853 0.19720008 0.2578162 0.6125419 0.62703923 0.38111655 0.2153378 0.3011794 0.49849795 0 0.37770847 0.31824747 0.12362337 0.31148803 0.21889099 0.23823231 0.40362829 0.2326162 0.25400464 0.21409674 0.20177731 0.33155608 0.31277645 0.83453416 0.42167519 0.24115418 0.32183707 0.80520793 0.55629372 0.37205494 0.36306869 0.21748428 0.49071386 0.26910914 0.34852719 0.23142792 0.19521232 0.22721562 0.38193452 0.39465789 0.23738822 0.3744884 0.23076858 0.23488903 0.21906159 0.23449851 0.22541038 0.22713457 0.64603632 0.23911854 0.21936497 0.26297178 0.11144445 0.22224948 0.28394275 0.32245081 0.23047075 0.23969461 0.28121046
            G0598014   0.3016119 0.26940938 0.50544946 0.39697736 0.61257085 0.6879493 0.43405261 0.29062777 0.42778808 0.612008 0.37770847 0 0.42581901 0.42646931 0.38252834 0.3309499 0.34187962 0.54670572 0.37149706 0.35585936 0.28568566 0.25975093 0.36963116 0.35139243 0.82233232 0.48960163 0.36922696 0.39992576 0.91528792 0.67890512 0.51934279 0.38711484 0.32794729 0.5515339 0.41648857 0.31288758 0.37558147 0.30677764 0.34622653 0.40424738 0.39571361 0.37991342 0.34649468 0.39236981 0.36673568 0.35378585 0.33203322 0.33577339 0.3672356 0.64949247 0.38376549 0.32512915 0.37596115 0.42389012 0.37402059 0.45144085 0.3793121 0.35700889 0.34493731 0.35903584
            G0598015   0.33828196 0.25778935 0.38108944 0.21098751 0.68883792 0.61362591 0.39371842 0.17848543 0.42067072 0.44621636 0.31824747 0.42581901 0 0.36888944 0.32596602 0.25204843 0.25941526 1e-06 0.26354841 0.29958708 0.18958779 0.17880827 0.41923634 0.37261116 0.89827727 0.54604174 0.25890444 0.40604339 0.73599237 0.69949387 0.49700271 0.38880414 0.25957537 0.31377566 0.21211378 0.41665579 0.26682234 0.26600804 0.32217199 0.41531769 0.424009 0.26901292 0.3568844 0.2789505 0.32904733 0.22471436 0.33745077 0.31955728 0.25957537 0.71962461 0.27501879 0.25957537 0.32978301 0.41299954 0.26463798 0.39909009 1e-06 0.31602925 0.2938481 0.41033672
            G0598016   0.36904419 0.22027334 0.23330872 0.31742796 0.61318097 0.7027282 0.40138798 0.23039976 0.36691454 0.54613107 0.12362337 0.42646931 0.36888944 0 0.32236766 0.25980951 0.28785129 0.46911171 0.2871157 0.30003146 0.25009908 0.22128097 0.38377793 0.39047386 0.83537248 0.44083999 0.3001939 0.37769423 0.79906064 0.57097294 0.41324275 0.43557989 0.27437032 0.58250585 0.32980769 0.40141486 0.29518717 0.24785641 0.29100246 0.42810985 0.44255625 0.29786634 0.43471573 0.28212655 0.30496618 0.27725769 0.27104906 0.2726863 0.29125519 0.6376132 0.30286571 0.27127319 0.29631057 0.11338321 0.27996494 0.33819555 0.31466908 0.29212112 0.25698844 0.30179917
            G0598017   0.3121203 0.23700431 0.33286948 0.26693347 0.73906272 0.61727578 0.51607386 0.14103917 1.2282062 0.75232795 0.31148803 0.38252834 0.32596602 0.32236766 0 0.2452953 0.27703186 1e-06 0.27539941 0.27787721 0.11970215 0.13351072 1.012445 0.35073176 0.86808959 0.45047598 0.23704389 0.33340692 0.90585868 0.26100604 0.24097146 0.39443345 0.2379543 0.24932993 0.24932995 0.39443344 0.2379543 0.22053864 1.1431928 0.40653046 0.40045755 0.22587674 0.36790809 0.25769228 0.26019645 0.23068443 0.26019645 0.25769227 0.24529526 0.76423831 0.24284031 0.24039332 0.26503107 0.31084955 0.24529529 1.5866599 1e-06 0.26270887 0.26775954 0.25431751
            G0598010   0.26251035 0.17004224 0.34963151 0.16683159 0.64249659 0.56783173 0.27683203 0.087288925 0.28197333 0.35167573 0.21889099 0.3309499 0.25204843 0.25980951 0.2452953 0 0.20933163 0.1430898 0.091403624 0.14885828 0.086014574 0.067150083 0.30409875 0.28544214 0.858056 0.44899217 0.10561395 0.31135605 0.74352507 0.42979347 0.27279352 0.36077603 0.21609956 0.35183146 0.18117644 0.33422663 0.079937299 0.16407538 0.14219573 0.37158053 0.38286166 0.08543481 0.30866898 0.10297665 0.20308403 0.09212002 0.20834375 0.19588931 0.10112958 0.67651189 0.12579426 0.21387612 0.22987805 0.25952654 0.082131486 0.16298436 0.32245132 0.20112111 0.13972328 0.23781155
            G0598011   0.2743621 0.20712649 0.38995298 0.17912902 0.64057676 0.58504325 0.2897925 0.09050045 0.29295407 0.40955799 0.23823231 0.34187962 0.25941526 0.28785129 0.27703186 0.20933163 0 0.11649648 0.14112132 0.18476188 0.1091005 0.085186875 0.32157711 0.30174673 0.85361424 0.46965173 0.13089101 0.32503599 0.97532987 0.43492624 0.27752661 0.3733243 0.24565258 0.38332425 0.18247853 0.35319428 0.11785556 0.16219517 0.12167609 0.38661873 0.38412556 0.12094452 0.32350842 0.13508597 0.2170117 0.11494607 0.2278136 0.2077117 0.12979487 0.68159927 0.13666074 0.24733566 0.23930156 0.29164051 0.11416551 0.2252748 0.31855013 0.21060445 0.16911329 0.26203172
            G0598012   0.55133346 0.066168175 0.52086507 0.23210258 0.73665142 0.79779374 0.33060336 0.12780837 1e-06 0.64850586 0.40362829 0.54670572 1e-06 0.46911171 1e-06 0.1430898 0.11649648 0 0.16557405 0.13273728 0.19485258 0.091272696 1.2070781 0.51470573 0.97855837 0.61145593 0.16245793 0.52747466 1e-06 0.16375831 0.15454867 0.71827136 0.15379064 0.54086468 0.25821505 0.54337328 0.13505764 0.097178195 0.082113035 0.63547312 0.66851376 0.15782098 0.59071434 0.17891631 0.34542121 0.17754559 0.36376289 0.35833932 0.15321286 0.86442546 0.17062783 0.16245794 0.37133053 0.34382298 0.15321286 0.21428372 0.41253475 0.34489438 0.19851942 0.16464518
            G0598013   0.32054898 0.087552512 0.38326132 0.19079975 0.6254398 0.67190601 0.30434904 0.10394986 0.27371638 0.36654878 0.2326162 0.37149706 0.26354841 0.2871157 0.27539941 0.091403624 0.14112132 0.16557405 0 0.14268913 0.12779464 0.088813316 0.31766695 0.34709983 0.86740119 0.48177069 0.14145399 0.36272655 0.77496219 0.38863758 0.24746817 0.41660246 0.12432598 0.50889671 0.21402273 0.39885877 0.11088675 0.10919907 0.16667862 0.42724959 0.4264287 0.12165331 0.37697164 0.12478635 0.25705206 0.12959258 0.2295295 0.21246476 0.12944168 0.65237349 0.15469627 0.12276584 0.24908856 0.25886382 0.1057312 0.14411805 0.33826219 0.23714305 0.149101 0.25644123
            G0598050   0.26764479 0.13504923 0.41636566 0.19991545 0.66808014 0.57814673 0.29811316 0.13083199 0.29013195 0.39318641 0.25400464 0.35585936 0.29958708 0.30003146 0.27787721 0.14885828 0.18476188 0.13273728 0.14268913 0 0.11714162 0.088693825 0.3369213 0.30339206 0.84222934 0.47041979 0.1407922 0.34974109 0.88329247 0.47699153 0.29489317 0.3776896 0.16442263 0.45982835 0.21364752 0.36480278 0.12286128 0.11606109 0.14419044 0.39518518 0.39840727 0.12353241 0.33099687 0.15198892 0.23182379 0.1143089 0.24379851 0.21914888 0.13674117 0.7072108 0.16053303 0.16374953 0.26590876 0.32919692 0.11684782 0.2280417 0.19481497 0.22159808 0.16796819 0.2749878
            G0598051   0.24720632 0.060152462 0.38635796 0.14276528 0.55934303 0.52207604 0.27221789 0.1227901 0.28197817 0.4489147 0.21409674 0.28568566 0.18958779 0.25009908 0.11970215 0.086014574 0.1091005 0.19485258 0.12779464 0.11714162 0 0.083863868 0.2788439 0.25242054 0.77461256 0.39246546 0.076486863 0.28858663 0.8333933 0.24373907 0.25538205 0.3552408 0.087927999 0.34597689 0.1465551 0.31359579 0.089678594 0.067485671 0.084358483 0.37203423 0.34786726 0.094597796 0.28461716 0.11872118 0.18835114 0.074865251 0.1964747 0.1819396 0.086882038 0.63058738 0.078251115 0.086882036 0.19585381 0.2707012 0.10097027 0.13408308 0.3496875 0.18031459 0.14594257 0.12016591
            G0598052   0.27016503 0.059827474 0.30745019 0.11211845 0.54973928 0.52809174 0.29217472 0.075163427 1e-06 0.42747662 0.20177731 0.25975093 0.17880827 0.22128097 0.13351072 0.067150083 0.085186875 0.091272696 0.088813316 0.088693825 0.083863868 0 0.80051981 0.27001266 0.87029748 0.36025902 0.047923061 0.26513497 0.28587931 0.0281243 0.033353031 0.37759824 0.030972143 0.26682072 0.13881415 0.31597243 0.062781733 0.058268569 0.076990614 0.35123476 0.33953085 0.069634222 0.27551054 0.08493378 0.17670393 0.061418652 0.18310741 0.17193711 0.029428082 0.58357482 0.068528762 0.032042319 0.1911895 0.18875473 0.07516161 0.077442656 0.3263729 0.16720025 0.11942978 0.12457129
            G0598053   0.28584423 0.27021205 0.80800067 0.35050538 0.63925644 0.53934198 0.3700606 0.88320052 0.43882927 0.31620161 0.33155608 0.36963116 0.41923634 0.38377793 1.012445 0.30409875 0.32157711 1.2070781 0.31766695 0.3369213 0.2788439 0.80051981 0 0.30035284 0.76415892 0.54400664 0.31921145 0.4084775 0.63547179 1.5600131 0.96831289 0.3532702 0.30801529 1.4706252 0.36772278 0.40439552 0.2996301 0.33592511 0.26426646 0.39320494 0.39050158 0.2996301 0.34218332 0.33407234 0.34414941 0.29408504 0.34204267 0.32745888 0.30848889 0.67345607 0.33327344 0.30848909 0.36976575 0.63665636 0.29765251 0.34158484 1e-06 0.33784679 0.35754605 0.38926486
            G0598018   0.21135277 0.24147612 0.46591197 0.36520264 0.61730441 0.65211107 0.42336271 0.29100664 0.37171212 0.57468354 0.31277645 0.35139243 0.37261116 0.39047386 0.35073176 0.28544214 0.30174673 0.51470573 0.34709983 0.30339206 0.25242054 0.27001266 0.30035284 0 0.84049121 0.49551244 0.33291157 0.38444182 0.91915546 0.65099523 0.50874104 0.28625136 0.29038074 0.56091831 0.36682135 0.25018655 0.3310705 0.27392116 0.29137739 0.27423902 0.23406056 0.33306862 0.21956255 0.35739731 0.33030907 0.30967075 0.29809399 0.29375384 0.33137449 0.64813333 0.32714149 0.28924684 0.31872924 0.38263205 0.33572646 0.38311922 0.38354343 0.31733217 0.32919292 0.33203049
            G0598019   0.82751372 0.82309317 0.94218092 0.85118993 0.81538765 0.88715447 0.93239514 0.93074774 0.9301971 1.18138 0.83453416 0.82233232 0.89827727 0.83537248 0.86808959 0.858056 0.85361424 0.97855837 0.86740119 0.84222934 0.77461256 0.87029748 0.76415892 0.84049121 0 0.91783154 0.85729803 0.83861766 1.3538868 1.2010963 1.0900585 0.90336021 0.85975958 0.95748839 0.8546604 0.83595947 0.84369719 0.83087968 0.83411411 0.87966927 0.85910851 0.84871393 0.8248144 0.8546604 0.81987868 0.83251119 0.82150818 0.82723428 0.85366606 0.88023543 0.8422731 0.85794293 0.80928671 0.98379932 0.84871393 0.94924977 1.1019426 0.85146227 0.83544722 0.88000939
            G0598049   0.47111847 0.40032966 0.49449029 0.4841579 0.64574535 0.85448667 0.57822314 0.36441878 0.51869125 0.80383998 0.42167519 0.48960163 0.54604174 0.44083999 0.45047598 0.44899217 0.46965173 0.61145593 0.48177069 0.47041979 0.39246546 0.36025902 0.54400664 0.49551244 0.91783154 0 0.48987224 0.48016256 1.1135881 0.78622936 0.65713115 0.52072764 0.44626497 0.6873417 0.48629535 0.45927411 0.49592641 0.41683273 0.44084 0.50781241 0.51469251 0.49892251 0.5172799 0.50150499 0.47914974 0.48672298 0.43300925 0.44519405 0.49317684 0.62836181 0.49873205 0.44353946 0.45226467 0.44325352 0.48793107 0.60659681 0.37931209 0.46119748 0.42558827 0.41511188
            G0597996   0.32256549 0.08543142 0.40960097 0.18635183 0.63988436 0.63515433 0.26322885 0.097013405 0.20300017 0.38824145 0.24115418 0.36922696 0.25890444 0.3001939 0.23704389 0.10561395 0.13089101 0.16245793 0.14145399 0.1407922 0.076486863 0.047923061 0.31921145 0.33291157 0.85729803 0.48987224 0 0.36210733 0.80439286 0.31759273 0.17722683 0.41107017 0.066767696 0.46092641 0.19845701 0.38970043 0.11108049 0.083020799 0.14643659 0.41765029 0.42434019 0.11685382 0.35550172 0.13518516 0.26406219 0.089218807 0.2361452 0.21131928 0.06598676 0.6638093 0.12277428 0.065291739 0.24097925 0.28855423 0.11369931 0.15765687 0.3263729 0.24731869 0.15488721 0.23769809
            G0597997   0.36523124 0.24580537 0.4489509 0.4078676 0.6137876 0.71257071 0.43405262 0.28722733 0.39544036 0.61231772 0.32183707 0.39992576 0.40604339 0.37769423 0.33340692 0.31135605 0.32503599 0.52747466 0.36272655 0.34974109 0.28858663 0.26513497 0.4084775 0.38444182 0.83861766 0.48016256 0.36210733 0 0.92546309 0.64893338 0.49427052 0.45171082 0.31503974 0.60521555 0.40851419 0.40461857 0.36272654 0.27370786 0.32784479 0.44452307 0.42935732 0.36269767 0.39234562 0.36791847 0.3342854 0.34579655 0.29367819 0.30063967 0.35666586 0.63529621 0.37328833 0.31463499 0.33487643 0.36616811 0.34165469 0.41631465 0.33427811 0.33698228 0.32998627 0.32727562
            G0598044   0.80974042 0.74255409 1.0565754 0.73919167 1.3311534 1.1767929 0.94285126 0.69957416 0.9312834 0.82736831 0.80520793 0.91528792 0.73599237 0.79906064 0.90585868 0.74352507 0.97532987 1e-06 0.77496219 0.88329247 0.8333933 0.28587931 0.63547179 0.91915546 1.3538868 1.1135881 0.80439286 0.92546309 0 0.97025458 0.72341521 0.82741534 0.7323086 0.23261605 0.73580117 0.89683001 0.712426 0.73121171 0.62355649 0.88499748 0.92223029 0.75738327 0.84508733 0.70902896 0.81124697 0.75296029 0.8434392 0.82395849 0.72676459 1.2141042 0.74588879 0.7323088 0.80520724 0.80142532 0.72341521 0.57939056 1e-06 0.81757599 0.7516139 0.98244093
            G0597998   0.6123615 0.43453965 0.40822616 0.41312322 0.92581015 0.9367125 0.61432467 0.094106864 1.6412665 0.77193402 0.55629372 0.67890512 0.69949387 0.57097294 0.26100604 0.42979347 0.43492624 0.16375831 0.38863758 0.47699153 0.24373907 0.0281243 1.5600131 0.65099523 1.2010963 0.78622936 0.31759273 0.64893338 0.97025458 0 0.1656484 0.7479162 0.30352473 0.46271275 0.44262784 0.68236366 0.35348374 0.35813521 0.74053972 0.73690509 0.7579342 0.35900136 0.66916679 0.36945745 0.55747476 0.33032106 0.52463356 0.51783061 0.28990169 0.94813026 0.3729323 0.30295984 0.4856716 0.4478494 0.35584346 0.61224704 0.30314524 0.54386451 0.43298652 0.46830279
            G0597999   0.49330894 0.26162868 0.391017 0.2851242 0.85263102 0.84762048 0.43995686 0.088431362 0.5688389 0.52251723 0.37205494 0.51934279 0.49700271 0.41324275 0.24097146 0.27279352 0.27752661 0.15454867 0.24746817 0.29489317 0.25538205 0.033353031 0.96831289 0.50874104 1.0900585 0.65713115 0.17722683 0.49427052 0.72341521 0.1656484 0 0.58479067 0.13242885 0.47389308 0.29766418 0.54797557 0.20687998 0.19958388 0.43125517 0.56472782 0.60556967 0.22114143 0.52737655 0.23634688 0.40038471 0.2081013 0.37134584 0.34981935 0.12422001 0.83894209 0.23609406 0.12895042 0.39089818 0.2653866 0.21657421 0.25967181 0.31080795 0.38889444 0.26149062 0.42423414
            G0598045   0.30259733 0.30278417 0.55487572 0.41830797 0.65016665 0.75435864 0.50834865 0.39920515 0.41951594 0.63566829 0.36306869 0.38711484 0.38880414 0.43557989 0.39443345 0.36077603 0.3733243 0.71827136 0.41660246 0.3776896 0.3552408 0.37759824 0.3532702 0.28625136 0.90336021 0.52072764 0.41107017 0.45171082 0.82741534 0.7479162 0.58479067 0 0.36871225 0.7283755 0.43296361 0.29378328 0.40990778 0.33753418 0.39119267 0.2159899 0.31259496 0.4116768 0.31388462 0.42098844 0.39501763 0.39760036 0.36113489 0.35823663 0.41504949 0.6784396 0.39690357 0.36550783 0.38821498 0.44213696 0.40738677 0.4078273 0.59959322 0.40290189 0.37022092 0.4019367
            G0598054   0.27323526 0.18645879 0.37932366 0.17151108 0.64097598 0.56651239 0.27720892 0.095331847 0.22935709 0.36463237 0.21748428 0.32794729 0.25957537 0.27437032 0.2379543 0.21609956 0.24565258 0.15379064 0.12432598 0.16442263 0.087927999 0.030972143 0.30801529 0.29038074 0.85975958 0.44626497 0.066767696 0.31503974 0.7323086 0.30352473 0.13242885 0.36871225 0 0.37562725 0.17208474 0.34114595 0.09027562 0.11702146 0.14093075 0.37517583 0.37621732 0.10144901 0.30965735 0.11680202 0.21098738 0.083858789 0.22232862 0.20303988 0.0078265829 0.65461688 0.10778917 0.013642055 0.22987805 0.27377479 0.097519361 0.19072129 0.32075528 0.20308401 0.13548296 0.23828122
            G0598048   0.56575706 0.20600484 0.57407214 0.58305564 0.56972764 0.82245867 0.44768936 0.32711319 1e-06 0.97804219 0.49071386 0.5515339 0.31377566 0.58250585 0.24932993 0.35183146 0.38332425 0.54086468 0.50889671 0.45982835 0.34597689 0.26682072 1.4706252 0.56091831 0.95748839 0.6873417 0.46092641 0.60521555 0.23261605 0.46271275 0.47389308 0.7283755 0.37562725 0 0.57689966 0.57258055 0.47777053 0.25176441 0.36318449 0.65845569 0.67088714 0.48443579 0.60520809 0.5130288 0.55384984 0.46493101 0.46258065 0.48624291 0.4776572 0.63505104 0.4446837 0.37034615 0.51091275 0.43193741 0.48156561 0.56490857 0.44550524 0.53374203 0.41454067 0.27701166
            G0598029   0.34212631 0.15640848 0.44389186 0.094382214 0.64758772 0.69736416 0.34637806 0.15759288 0.33943471 0.47722864 0.26910914 0.41648857 0.21211378 0.32980769 0.24932995 0.18117644 0.18247853 0.25821505 0.21402273 0.21364752 0.1465551 0.13881415 0.36772278 0.36682135 0.8546604 0.48629535 0.19845701 0.40851419 0.73580117 0.44262784 0.29766418 0.43296361 0.17208474 0.57689966 0 0.39982949 0.19199734 0.16732383 0.21745151 0.43403337 0.44943608 0.21168657 0.40743453 0.22008498 0.30894873 0.16517716 0.28079599 0.27357032 0.18848582 0.67345619 0.19735256 0.17371161 0.28869781 0.30509155 0.19199734 0.26354842 0.35850599 0.29408814 0.19591162 0.29282041
            G0598028   0.26558066 0.29500781 0.48794036 0.40414077 0.59362161 0.6891436 0.49121964 0.3119436 0.45892442 0.62794455 0.34852719 0.31288758 0.41665579 0.40141486 0.39443344 0.33422663 0.35319428 0.54337328 0.39885877 0.36480278 0.31359579 0.31597243 0.40439552 0.25018655 0.83595947 0.45927411 0.38970043 0.40461857 0.89683001 0.68236366 0.54797557 0.29378328 0.34114595 0.57258055 0.39982949 0 0.39047386 0.31513958 0.35552083 0.28369297 0.24748737 0.39669689 0.23069804 0.40260409 0.35909729 0.37669085 0.31629411 0.32193735 0.38553133 0.61136089 0.39625035 0.33722724 0.34331054 0.38116386 0.38628624 0.42728222 0.37510413 0.3551824 0.35198966 0.3672223
            G0598025   0.31235016 0.064687682 0.41113314 0.17501584 0.64211428 0.64532314 0.27973246 0.097013405 0.23219075 0.32689817 0.23142792 0.37558147 0.26682234 0.29518717 0.2379543 0.079937299 0.11785556 0.13505764 0.11088675 0.12286128 0.089678594 0.062781733 0.2996301 0.3310705 0.84369719 0.49592641 0.11108049 0.36272654 0.712426 0.35348374 0.20687998 0.40990778 0.09027562 0.47777053 0.19199734 0.39047386 0 0.080974883 0.12487895 0.42561105 0.42981039 0.058281738 0.37314374 0.11195528 0.23954465 0.098973876 0.21188515 0.19894221 0.096908799 0.68748349 0.11735596 0.090546409 0.23830477 0.26917501 0.059478157 0.12205078 0.31855014 0.22672452 0.13770761 0.2347511
            G0598024   0.24453382 0.16609454 0.30526071 0.15335664 0.63048871 0.54881487 0.28896718 0.085357502 0.26843443 0.31078535 0.19521232 0.30677764 0.26600804 0.24785641 0.22053864 0.16407538 0.16219517 0.097178195 0.10919907 0.11606109 0.067485671 0.058268569 0.33592511 0.27392116 0.83087968 0.41683273 0.083020799 0.27370786 0.73121171 0.35813521 0.19958388 0.33753418 0.11702146 0.25176441 0.16732383 0.31513958 0.080974883 0 0.15539222 0.34380891 0.34662553 0.090062232 0.28143342 0.10253069 0.18124503 0.071850788 0.18895538 0.17223383 0.073627014 0.64630391 0.098954448 0.11794873 0.1924972 0.24469005 0.081577293 0.12425034 0.32245132 0.17292314 0.1245562 0.25122252
            G0598027   0.27082649 0.13188963 0.45476096 0.19796462 0.66094903 0.53841632 0.29791869 0.098826958 0.26329977 0.27214595 0.22721562 0.34622653 0.32217199 0.29100246 1.1431928 0.14219573 0.12167609 0.082113035 0.16667862 0.14419044 0.084358483 0.076990614 0.26426646 0.29137739 0.83411411 0.44084 0.14643659 0.32784479 0.62355649 0.74053972 0.43125517 0.39119267 0.14093075 0.36318449 0.21745151 0.35552083 0.12487895 0.15539222 0 0.3661928 0.38327751 0.13674116 0.32130657 0.15545087 0.22205529 0.11336303 0.23337626 0.20355868 0.14093075 0.69282818 0.13812366 0.14637141 0.22922189 0.3431411 0.13132598 0.25130228 0.20119766 0.20599867 0.18848582 0.30262968
            G0598026   0.30222804 0.30127806 0.50726208 0.4382839 0.61166039 0.74208503 0.48864011 0.39123017 0.43056586 0.6822906 0.38193452 0.40424738 0.41531769 0.42810985 0.40653046 0.37158053 0.38661873 0.63547312 0.42724959 0.39518518 0.37203423 0.35123476 0.39320494 0.27423902 0.87966927 0.50781241 0.41765029 0.44452307 0.88499748 0.73690509 0.56472782 0.2159899 0.37517583 0.65845569 0.43403337 0.28369297 0.42561105 0.34380891 0.3661928 0 0.29936283 0.43577241 0.32328146 0.43576527 0.4078118 0.4236226 0.36716117 0.37175536 0.42565388 0.64218789 0.43908253 0.36862232 0.40604198 0.43333054 0.42226842 0.49145258 0.44083955 0.40813258 0.37649571 0.39529471
            G0598021   0.28459792 0.3036694 0.52137706 0.45462161 0.60788154 0.75515484 0.49111486 0.37171194 0.43335395 0.64760329 0.39465789 0.39571361 0.424009 0.44255625 0.40045755 0.38286166 0.38412556 0.66851376 0.4264287 0.39840727 0.34786726 0.33953085 0.39050158 0.23406056 0.85910851 0.51469251 0.42434019 0.42935732 0.92223029 0.7579342 0.60556967 0.31259496 0.37621732 0.67088714 0.44943608 0.24748737 0.42981039 0.34662553 0.38327751 0.29936283 0 0.43408129 0.22711605 0.43829475 0.40605842 0.40555944 0.37725383 0.37762623 0.42816364 0.63803203 0.42516909 0.37556226 0.40696991 0.43709155 0.42393787 0.49082743 0.35850628 0.3945792 0.38047022 0.38331015
            G0598020   0.31058577 0.075723971 0.40967824 0.189059 0.63437228 0.64967164 0.28167232 0.090140502 0.24074392 0.33786659 0.23738822 0.37991342 0.26901292 0.29786634 0.22587674 0.08543481 0.12094452 0.15782098 0.12165331 0.12353241 0.094597796 0.069634222 0.2996301 0.33306862 0.84871393 0.49892251 0.11685382 0.36269767 0.75738327 0.35900136 0.22114143 0.4116768 0.10144901 0.48443579 0.21168657 0.39669689 0.058281738 0.090062232 0.13674116 0.43577241 0.43408129 0 0.36886417 0.1221623 0.25198997 0.10368173 0.22303778 0.2136154 0.10814879 0.68351172 0.13276569 0.10225232 0.25013751 0.27674385 0.060690605 0.12637359 0.31080811 0.23969172 0.14009188 0.24011511
            G0598023   0.26768564 0.24903404 0.52204482 0.39668463 0.60276863 0.69671065 0.43642329 0.31430307 0.39258305 0.62036097 0.3744884 0.34649468 0.3568844 0.43471573 0.36790809 0.30866898 0.32350842 0.59071434 0.37697164 0.33099687 0.28461716 0.27551054 0.34218332 0.21956255 0.8248144 0.5172799 0.35550172 0.39234562 0.84508733 0.66916679 0.52737655 0.31388462 0.30965735 0.60520809 0.40743453 0.23069804 0.37314374 0.28143342 0.32130657 0.32328146 0.22711605 0.36886417 0 0.39365993 0.35707101 0.35445588 0.31776257 0.31450611 0.36293398 0.64027953 0.3610588 0.30607303 0.35587301 0.42169002 0.36598568 0.43896731 0.38779875 0.35887053 0.33845906 0.3286181
            G0598022   0.33394002 0.073257486 0.40967824 0.19972738 0.60664954 0.65899975 0.28850164 0.10394984 0.25814874 0.36624999 0.23076858 0.39236981 0.2789505 0.28212655 0.25769228 0.10297665 0.13508597 0.17891631 0.12478635 0.15198892 0.11872118 0.08493378 0.33407234 0.35739731 0.8546604 0.50150499 0.13518516 0.36791847 0.70902896 0.36945745 0.23634688 0.42098844 0.11680202 0.5130288 0.22008498 0.40260409 0.11195528 0.10253069 0.15545087 0.43576527 0.43829475 0.1221623 0.39365993 0 0.26960425 0.12680721 0.2381339 0.22903624 0.12078101 0.64490972 0.15112398 0.11700314 0.25639814 0.25703674 0.11505766 0.14237873 0.34226754 0.25800925 0.14165336 0.25695439
            G0598007   0.32506141 0.15838263 0.39339335 0.29829939 0.62590506 0.62633607 0.35507549 0.18936628 0.3296864 0.50284615 0.23488903 0.36673568 0.32904733 0.30496618 0.26019645 0.20308403 0.2170117 0.34542121 0.25705206 0.23182379 0.18835114 0.17670393 0.34414941 0.33030907 0.81987868 0.47914974 0.26406219 0.3342854 0.81124697 0.55747476 0.40038471 0.39501763 0.21098738 0.55384984 0.30894873 0.35909729 0.23954465 0.18124503 0.22205529 0.4078118 0.40605842 0.25198997 0.35707101 0.26960425 0 0.24382064 0.035614993 0.081613187 0.25769917 0.67697217 0.26603018 0.21091922 0.20584105 0.28505411 0.23828016 0.28863436 0.33427811 0.13611902 0.23385314 0.21037453
            G0598006   0.30352478 0.063426641 0.40944525 0.15206519 0.62767098 0.63369901 0.27430663 0.0924244 0.20916042 0.3725674 0.21906159 0.35378585 0.22471436 0.27725769 0.23068443 0.09212002 0.11494607 0.17754559 0.12959258 0.1143089 0.074865251 0.061418652 0.29408504 0.30967075 0.83251119 0.48672298 0.089218807 0.34579655 0.75296029 0.33032106 0.2081013 0.39760036 0.083858789 0.46493101 0.16517716 0.37669085 0.098973876 0.071850788 0.11336303 0.4236226 0.40555944 0.10368173 0.35445588 0.12680721 0.24382064 0 0.21478674 0.19012337 0.085723123 0.67965001 0.10549108 0.080720079 0.22631395 0.25270366 0.10375011 0.14461367 0.32245132 0.22245147 0.12985222 0.20745491
            G0598005   0.28645084 0.16816614 0.36177874 0.26870469 0.6169991 0.57910319 0.35293647 0.19600354 0.3345447 0.4757427 0.23449851 0.33203322 0.33745077 0.27104906 0.26019645 0.20834375 0.2278136 0.36376289 0.2295295 0.24379851 0.1964747 0.18310741 0.34204267 0.29809399 0.82150818 0.43300925 0.2361452 0.29367819 0.8434392 0.52463356 0.37134584 0.36113489 0.22232862 0.46258065 0.28079599 0.31629411 0.21188515 0.18895538 0.23337626 0.36716117 0.37725383 0.22303778 0.31776257 0.2381339 0.035614993 0.21478674 0 0.084812961 0.23194804 0.65227323 0.24112732 0.22088615 0.20459994 0.29291015 0.21384125 0.29562416 0.35034298 0.12082431 0.23868296 0.2088952
            G0598004   0.28338417 0.15009709 0.36365111 0.25824233 0.63104207 0.58567345 0.34761541 0.18672784 0.29885202 0.46006497 0.22541038 0.33577339 0.31955728 0.2726863 0.25769227 0.19588931 0.2077117 0.35833932 0.21246476 0.21914888 0.1819396 0.17193711 0.32745888 0.29375384 0.82723428 0.44519405 0.21131928 0.30063967 0.82395849 0.51783061 0.34981935 0.35823663 0.20303988 0.48624291 0.27357032 0.32193735 0.19894221 0.17223383 0.20355868 0.37175536 0.37762623 0.2136154 0.31450611 0.22903624 0.081613187 0.19012337 0.084812961 0 0.20886918 0.66517123 0.21667957 0.20234526 0.18728843 0.28631143 0.19575818 0.27297403 0.33826218 0.11127643 0.23508466 0.21037451
            G0598003   0.31855015 0.076824858 0.41259087 0.17789 0.64113208 0.63279889 0.27394261 0.090140501 0.20916042 0.36041393 0.22713457 0.3672356 0.25957537 0.29125519 0.24529526 0.10112958 0.12979487 0.15321286 0.12944168 0.13674117 0.086882038 0.029428082 0.30848889 0.33137449 0.85366606 0.49317684 0.06598676 0.35666586 0.72676459 0.28990169 0.12422001 0.41504949 0.0078265829 0.4776572 0.18848582 0.38553133 0.096908799 0.073627014 0.14093075 0.42565388 0.42816364 0.10814879 0.36293398 0.12078101 0.25769917 0.085723123 0.23194804 0.20886918 0 0.65596891 0.11356536 0.009248853 0.23644527 0.27000205 0.10353023 0.14059719 0.31855014 0.24113902 0.13445514 0.23887514
            G0598002   0.62643204 0.59724856 0.66426754 0.68755146 0.32356413 0.74806033 0.79444386 0.59928511 0.76567743 0.9716408 0.64603632 0.64949247 0.71962461 0.6376132 0.76423831 0.67651189 0.68159927 0.86442546 0.65237349 0.7072108 0.63058738 0.58357482 0.67345607 0.64813333 0.88023543 0.62836181 0.6638093 0.63529621 1.2141042 0.94813026 0.83894209 0.6784396 0.65461688 0.63505104 0.67345619 0.61136089 0.68748349 0.64630391 0.69282818 0.64218789 0.63803203 0.68351172 0.64027953 0.64490972 0.67697217 0.67965001 0.65227323 0.66517123 0.65596891 0 0.6832924 0.65431434 0.63248479 0.72590593 0.67042239 0.80334481 0.59261637 0.66127848 0.64463958 0.6397742
            G0598001   0.305867 0.089291179 0.41322951 0.18154691 0.65368569 0.61967391 0.29035532 0.10685192 0.28700535 0.38657029 0.23911854 0.38376549 0.27501879 0.30286571 0.24284031 0.12579426 0.13666074 0.17062783 0.15469627 0.16053303 0.078251115 0.068528762 0.33327344 0.32714149 0.8422731 0.49873205 0.12277428 0.37328833 0.74588879 0.3729323 0.23609406 0.39690357 0.10778917 0.4446837 0.19735256 0.39625035 0.11735596 0.098954448 0.13812366 0.43908253 0.42516909 0.13276569 0.3610588 0.15112398 0.26603018 0.10549108 0.24112732 0.21667957 0.11356536 0.6832924 0 0.10628683 0.24220609 0.28645096 0.13160551 0.18113282 0.34629432 0.24398355 0.16631197 0.2403602
            G0598000   0.27215346 0.18531152 0.36768719 0.16880539 0.64370167 0.56829012 0.27490463 0.093267762 0.22732732 0.36296614 0.21936497 0.32512915 0.25957537 0.27127319 0.24039332 0.21387612 0.24733566 0.16245794 0.12276584 0.16374953 0.086882036 0.032042319 0.30848909 0.28924684 0.85794293 0.44353946 0.065291739 0.31463499 0.7323088 0.30295984 0.12895042 0.36550783 0.013642055 0.37034615 0.17371161 0.33722724 0.090546409 0.11794873 0.14637141 0.36862232 0.37556226 0.10225232 0.30607303 0.11700314 0.21091922 0.080720079 0.22088615 0.20234526 0.009248853 0.65431434 0.10628683 0 0.22616762 0.27493442 0.097771363 0.18295482 0.31466915 0.20434742 0.13386633 0.23887514
            G0598043   0.30954704 0.17821686 0.38598526 0.28413857 0.6094227 0.62764987 0.37358751 0.20674682 0.36355023 0.5287473 0.26297178 0.37596115 0.32978301 0.29631057 0.26503107 0.22987805 0.23930156 0.37133053 0.24908856 0.26590876 0.19585381 0.1911895 0.36976575 0.31872924 0.80928671 0.45226467 0.24097925 0.33487643 0.80520724 0.4856716 0.39089818 0.38821498 0.22987805 0.51091275 0.28869781 0.34331054 0.23830477 0.1924972 0.22922189 0.40604198 0.40696991 0.25013751 0.35587301 0.25639814 0.20584105 0.22631395 0.20459994 0.18728843 0.23644527 0.63248479 0.24220609 0.22616762 0 0.31946495 0.2361665 0.34090389 0.34226754 0.22320387 0.26853603 0.24506393
            G0598042   0.35792563 0.21754753 0.17040562 0.30064828 0.69711452 0.72125972 0.42135838 0.20736452 0.22386974 0.59580062 0.11144445 0.42389012 0.41299954 0.11338321 0.31084955 0.25952654 0.29164051 0.34382298 0.25886382 0.32919692 0.2707012 0.18875473 0.63665636 0.38263205 0.98379932 0.44325352 0.28855423 0.36616811 0.80142532 0.4478494 0.2653866 0.44213696 0.27377479 0.43193741 0.30509155 0.38116386 0.26917501 0.24469005 0.3431411 0.43333054 0.43709155 0.27674385 0.42169002 0.25703674 0.28505411 0.25270366 0.29291015 0.28631143 0.27000205 0.72590593 0.28645096 0.27493442 0.31946495 0 0.25058112 0.33625317 0.2917957 0.28603163 0.28258495 0.35720246
            G0598041   0.31389536 0.067737117 0.38255826 0.17729158 0.64993704 0.64085885 0.28556717 0.085593252 0.2258392 0.34179521 0.22224948 0.37402059 0.26463798 0.27996494 0.24529529 0.082131486 0.11416551 0.15321286 0.1057312 0.11684782 0.10097027 0.07516161 0.29765251 0.33572646 0.84871393 0.48793107 0.11369931 0.34165469 0.72341521 0.35584346 0.21657421 0.40738677 0.097519361 0.48156561 0.19199734 0.38628624 0.059478157 0.081577293 0.13132598 0.42226842 0.42393787 0.060690605 0.36598568 0.11505766 0.23828016 0.10375011 0.21384125 0.19575818 0.10353023 0.67042239 0.13160551 0.097771363 0.2361665 0.25058112 0 0.12097394 0.31080812 0.22481329 0.13237057 0.23018372
            G0598040   0.34906426 0.13117085 0.46855341 0.24358483 0.77383232 0.65295191 0.25194273 0.13934684 0.44671586 0.33690038 0.28394275 0.45144085 0.39909009 0.33819555 1.5866599 0.16298436 0.2252748 0.21428372 0.14411805 0.2280417 0.13408308 0.077442656 0.34158484 0.38311922 0.94924977 0.60659681 0.15765687 0.41631465 0.57939056 0.61224704 0.25967181 0.4078273 0.19072129 0.56490857 0.26354842 0.42728222 0.12205078 0.12425034 0.25130228 0.49145258 0.49082743 0.12637359 0.43896731 0.14237873 0.28863436 0.14461367 0.29562416 0.27297403 0.14059719 0.80334481 0.18113282 0.18295482 0.34090389 0.33625317 0.12097394 0 0.41115905 0.27758444 0.18908626 0.40551491
            G0598047   0.39638254 0.32708531 0.38268868 0.37092031 0.55002855 0.70752877 0.5788427 0.33031508 1e-06 0.79557686 0.32245081 0.3793121 1e-06 0.31466908 1e-06 0.32245132 0.31855013 0.41253475 0.33826219 0.19481497 0.3496875 0.3263729 1e-06 0.38354343 1.1019426 0.37931209 0.3263729 0.33427811 1e-06 0.30314524 0.31080795 0.59959322 0.32075528 0.44550524 0.35850599 0.37510413 0.31855014 0.32245132 0.20119766 0.44083955 0.35850628 0.31080811 0.38779875 0.34226754 0.33427811 0.32245132 0.35034298 0.33826218 0.31855014 0.59261637 0.34629432 0.31466915 0.34226754 0.2917957 0.31080812 0.41115905 0 0.33427758 0.3503428 0.33031509
            G0598046   0.31158117 0.15630267 0.40537604 0.27752432 0.61573541 0.61819041 0.34233179 0.17756542 0.30820521 0.48244512 0.23047075 0.35700889 0.31602925 0.29212112 0.26270887 0.20112111 0.21060445 0.34489438 0.23714305 0.22159808 0.18031459 0.16720025 0.33784679 0.31733217 0.85146227 0.46119748 0.24731869 0.33698228 0.81757599 0.54386451 0.38889444 0.40290189 0.20308401 0.53374203 0.29408814 0.3551824 0.22672452 0.17292314 0.20599867 0.40813258 0.3945792 0.23969172 0.35887053 0.25800925 0.13611902 0.22245147 0.12082431 0.11127643 0.24113902 0.66127848 0.24398355 0.20434742 0.22320387 0.28603163 0.22481329 0.27758444 0.33427758 0 0.23042221 0.16861704
            G0598009   0.29282042 0.12331688 0.38036186 0.17798947 0.6125419 0.60264316 0.31442645 0.1251527 0.26923538 0.39193224 0.23969461 0.34493731 0.2938481 0.25698844 0.26775954 0.13972328 0.16911329 0.19851942 0.149101 0.16796819 0.14594257 0.11942978 0.35754605 0.32919292 0.83544722 0.42558827 0.15488721 0.32998627 0.7516139 0.43298652 0.26149062 0.37022092 0.13548296 0.41454067 0.19591162 0.35198966 0.13770761 0.1245562 0.18848582 0.37649571 0.38047022 0.14009188 0.33845906 0.14165336 0.23385314 0.12985222 0.23868296 0.23508466 0.13445514 0.64463958 0.16631197 0.13386633 0.26853603 0.28258495 0.13237057 0.18908626 0.3503428 0.23042221 0 0.26593252
